    67.02024184036256     
   0.2262910639166806     
   0.6180468107986450     
  -0.7799999713897705     
    67.63828865116120     
    67.63828865116120     
   0.8915170007477321     
    67.63828865116120     
   2.0600658888520511E-002
    0.000000000000000     
    0.000000000000000     
    0.000000000000000     
    32.28798714509912     
  -0.7359304196230771     
    0.000000000000000     
    0.000000000000000     
    0.000000000000000     
    0.000000000000000     
    0.000000000000000     
   2.0757160216102457E-317
