    0.000000000000000     
    0.000000000000000     
    0.000000000000000     
    0.000000000000000     
    0.000000000000000     
    0.000000000000000     
   0.5781805640983914     
    0.000000000000000     
    0.000000000000000     
    0.000000000000000     
    0.000000000000000     
    0.000000000000000     
    0.000000000000000     
    0.000000000000000     
    0.000000000000000     
    0.000000000000000     
    0.000000000000000     
    0.000000000000000     
    0.000000000000000     
   9.8813129168249309E-324
