    674.0587006341782     
    12.62062737084289     
    13.69888686453384     
   -4.153638876955370     
    687.7575874987120     
    687.7575874987120     
   0.2258072950300471     
    687.7575874987120     
    0.000000000000000     
    0.000000000000000     
    0.000000000000000     
    0.000000000000000     
    238.3629392848146     
   -18.33163932844396     
    0.000000000000000     
    0.000000000000000     
    0.000000000000000     
    0.000000000000000     
    0.000000000000000     
   9.8813129168249309E-324
