    133.1884042380261     
    0.000000000000000     
    3.995652127140783     
    0.000000000000000     
    341.2167809526117     
    137.1840563651669     
    1.262701723169898     
    137.1840563651669     
   0.6406646418891089     
    0.000000000000000     
    4.505233095897041     
    0.000000000000000     
    45.82006371512587     
   -28.25533843604088     
    0.000000000000000     
    0.000000000000000     
    0.000000000000000     
    0.000000000000000     
    0.000000000000000     
   9.8813129168249309E-324
