    1.356832922359330     
    1.270986019594484     
    1.190502308672697     
    1.115070034761426     
    1.044384366608403     
   0.9781539950921445     
   0.9161029510342675     
   0.8579708813872857     
   0.8035127232190231     
   0.7524981210005501     
   0.7047107349285806     
   0.6599475101615349     
   0.6180179423091764     
   0.5787309635005020     
   0.5419233863658742     
   0.5073503676718496     
   0.4746291052002111     
   0.4442118409614194     
   0.4156755165323293     
   0.3889197630635782     
   0.3638190300887575     
   0.3403038081251473     
   0.3182932188496346     
   0.2976928209622676     
   0.2784158650372680     
   0.2603775868478626     
   0.2434986425926210     
   0.2277015994766146     
   0.2129026148485588     
   0.1989466126723757     
   0.1851858696571907     
   0.1716408380366018     
   0.1587993662459319     
   0.1466845204921717     
   0.1357482813439158     
   0.1260512170717375     
   0.1169546722418068     
   0.1083972531126876     
   0.1005043710223339     
   9.3116031771111163E-002
   8.6209174070896441E-002
   7.9748868081684826E-002
   7.3683687589660096E-002
   6.8034505037432080E-002
   6.2766055642878599E-002
   5.7867394024805452E-002
   5.3304877302401382E-002
   4.9061954468600677E-002
   4.5124819460282545E-002
   4.1470407067215144E-002
   3.8081861968973042E-002
   3.4943311270836393E-002
   3.2038964913255571E-002
   2.9344782881532930E-002
   2.6857904717194025E-002
   2.4548526018112245E-002
   2.2412650584370510E-002
   2.0437818812444462E-002
   1.8599661662772892E-002
   1.6889911905738950E-002
   1.5261679341621336E-002
   1.3730938965820959E-002
   1.2317635804432646E-002
   1.1001386459138399E-002
   9.7849461240709021E-003
   8.6820989054175873E-003
   7.6556017278047754E-003
   6.7141666026105671E-003
   5.8513250594503709E-003
   5.0486021199274197E-003
   4.3137000389357706E-003
   3.6538834253661287E-003
   3.0323008301736554E-003
   2.4723470003159493E-003
   1.9653645326488992E-003
   1.4852786678748232E-003
   1.0665110988380740E-003
   6.7542289865612452E-004
   3.2090246207986338E-004
    0.000000000000000     
    0.000000000000000     
    0.000000000000000     
    0.000000000000000     
    0.000000000000000     
    0.000000000000000     
    0.000000000000000     
    0.000000000000000     
    0.000000000000000     
    0.000000000000000     
    0.000000000000000     
    0.000000000000000     
    0.000000000000000     
    0.000000000000000     
    0.000000000000000     
    0.000000000000000     
    0.000000000000000     
    0.000000000000000     
    0.000000000000000     
    0.000000000000000     
    0.000000000000000     
    0.000000000000000     
    0.000000000000000     
    0.000000000000000     
    0.000000000000000     
    0.000000000000000     
    0.000000000000000     
    0.000000000000000     
    0.000000000000000     
    0.000000000000000     
    0.000000000000000     
    0.000000000000000     
    0.000000000000000     
    0.000000000000000     
    0.000000000000000     
    0.000000000000000     
    0.000000000000000     
    0.000000000000000     
    0.000000000000000     
    0.000000000000000     
    0.000000000000000     
    0.000000000000000     
    0.000000000000000     
    0.000000000000000     
    0.000000000000000     
    0.000000000000000     
    0.000000000000000     
    0.000000000000000     
    0.000000000000000     
    0.000000000000000     
    0.000000000000000     
    0.000000000000000     
    0.000000000000000     
    0.000000000000000     
    0.000000000000000     
    0.000000000000000     
    0.000000000000000     
    0.000000000000000     
    0.000000000000000     
    0.000000000000000     
    0.000000000000000     
    0.000000000000000     
    0.000000000000000     
    0.000000000000000     
    0.000000000000000     
    0.000000000000000     
    0.000000000000000     
    0.000000000000000     
    0.000000000000000     
    0.000000000000000     
    0.000000000000000     
    0.000000000000000     
    0.000000000000000     
    0.000000000000000     
    0.000000000000000     
    0.000000000000000     
    0.000000000000000     
    0.000000000000000     
    0.000000000000000     
    0.000000000000000     
    0.000000000000000     
    0.000000000000000     
    0.000000000000000     
    0.000000000000000     
    0.000000000000000     
    0.000000000000000     
    0.000000000000000     
    0.000000000000000     
    0.000000000000000     
    0.000000000000000     
    0.000000000000000     
    0.000000000000000     
    0.000000000000000     
    0.000000000000000     
    0.000000000000000     
    0.000000000000000     
    0.000000000000000     
    0.000000000000000     
    0.000000000000000     
    0.000000000000000     
    0.000000000000000     
    0.000000000000000     
    0.000000000000000     
    0.000000000000000     
    0.000000000000000     
    0.000000000000000     
    0.000000000000000     
    0.000000000000000     
    0.000000000000000     
    0.000000000000000     
    0.000000000000000     
    0.000000000000000     
    0.000000000000000     
    0.000000000000000     
    0.000000000000000     
    0.000000000000000     
    0.000000000000000     
    0.000000000000000     
    0.000000000000000     
    0.000000000000000     
    0.000000000000000     
    0.000000000000000     
    0.000000000000000     
    0.000000000000000     
    0.000000000000000     
    0.000000000000000     
    0.000000000000000     
    0.000000000000000     
    0.000000000000000     
    0.000000000000000     
    0.000000000000000     
    0.000000000000000     
    0.000000000000000     
    0.000000000000000     
    0.000000000000000     
    0.000000000000000     
    0.000000000000000     
    0.000000000000000     
    0.000000000000000     
    0.000000000000000     
    0.000000000000000     
    0.000000000000000     
    0.000000000000000     
    0.000000000000000     
    0.000000000000000     
    0.000000000000000     
    0.000000000000000     
    0.000000000000000     
    0.000000000000000     
    0.000000000000000     
    0.000000000000000     
    0.000000000000000     
    0.000000000000000     
    0.000000000000000     
    0.000000000000000     
    0.000000000000000     
    0.000000000000000     
    0.000000000000000     
    0.000000000000000     
    0.000000000000000     
    0.000000000000000     
    0.000000000000000     
    0.000000000000000     
    0.000000000000000     
    0.000000000000000     
    0.000000000000000     
    0.000000000000000     
    0.000000000000000     
    0.000000000000000     
    0.000000000000000     
    0.000000000000000     
    0.000000000000000     
    0.000000000000000     
    0.000000000000000     
    0.000000000000000     
    0.000000000000000     
    0.000000000000000     
    0.000000000000000     
    0.000000000000000     
    0.000000000000000     
    0.000000000000000     
    0.000000000000000     
    0.000000000000000     
    0.000000000000000     
    0.000000000000000     
    0.000000000000000     
    0.000000000000000     
    0.000000000000000     
    0.000000000000000     
    0.000000000000000     
    0.000000000000000     
    0.000000000000000     
    0.000000000000000     
    0.000000000000000     
    0.000000000000000     
    0.000000000000000     
    0.000000000000000     
    0.000000000000000     
    0.000000000000000     
    0.000000000000000     
    0.000000000000000     
    0.000000000000000     
    0.000000000000000     
    0.000000000000000     
    0.000000000000000     
    0.000000000000000     
    0.000000000000000     
    0.000000000000000     
    0.000000000000000     
    0.000000000000000     
    0.000000000000000     
    0.000000000000000     
    0.000000000000000     
    0.000000000000000     
    0.000000000000000     
    0.000000000000000     
    0.000000000000000     
    0.000000000000000     
    0.000000000000000     
    0.000000000000000     
    0.000000000000000     
    0.000000000000000     
    0.000000000000000     
    0.000000000000000     
    0.000000000000000     
    0.000000000000000     
    0.000000000000000     
    0.000000000000000     
    0.000000000000000     
    0.000000000000000     
    0.000000000000000     
    0.000000000000000     
    0.000000000000000     
    0.000000000000000     
    0.000000000000000     
    0.000000000000000     
    0.000000000000000     
    0.000000000000000     
    0.000000000000000     
    0.000000000000000     
    0.000000000000000     
    0.000000000000000     
    0.000000000000000     
    0.000000000000000     
    0.000000000000000     
    0.000000000000000     
    0.000000000000000     
    0.000000000000000     
    0.000000000000000     
    0.000000000000000     
    0.000000000000000     
    0.000000000000000     
    0.000000000000000     
    0.000000000000000     
    0.000000000000000     
    0.000000000000000     
    0.000000000000000     
    0.000000000000000     
    0.000000000000000     
    0.000000000000000     
    0.000000000000000     
    0.000000000000000     
    0.000000000000000     
    0.000000000000000     
    0.000000000000000     
    0.000000000000000     
    0.000000000000000     
    0.000000000000000     
    0.000000000000000     
    0.000000000000000     
    0.000000000000000     
    0.000000000000000     
    0.000000000000000     
    0.000000000000000     
    0.000000000000000     
    0.000000000000000     
    0.000000000000000     
    0.000000000000000     
    0.000000000000000     
    0.000000000000000     
    0.000000000000000     
    0.000000000000000     
    0.000000000000000     
    0.000000000000000     
    0.000000000000000     
    0.000000000000000     
    0.000000000000000     
    0.000000000000000     
    0.000000000000000     
    0.000000000000000     
    0.000000000000000     
    0.000000000000000     
    0.000000000000000     
    0.000000000000000     
    0.000000000000000     
    0.000000000000000     
    0.000000000000000     
    0.000000000000000     
    0.000000000000000     
    0.000000000000000     
    0.000000000000000     
    0.000000000000000     
    0.000000000000000     
    0.000000000000000     
    0.000000000000000     
    0.000000000000000     
    0.000000000000000     
    0.000000000000000     
    0.000000000000000     
    0.000000000000000     
    0.000000000000000     
    0.000000000000000     
    0.000000000000000     
    0.000000000000000     
    0.000000000000000     
    0.000000000000000     
    0.000000000000000     
    0.000000000000000     
    0.000000000000000     
    0.000000000000000     
    0.000000000000000     
    0.000000000000000     
    0.000000000000000     
    0.000000000000000     
    0.000000000000000     
    0.000000000000000     
    0.000000000000000     
    0.000000000000000     
    0.000000000000000     
    0.000000000000000     
    0.000000000000000     
    0.000000000000000     
    0.000000000000000     
    0.000000000000000     
    0.000000000000000     
    0.000000000000000     
    0.000000000000000     
    0.000000000000000     
    0.000000000000000     
    0.000000000000000     
    0.000000000000000     
    0.000000000000000     
    0.000000000000000     
    0.000000000000000     
    0.000000000000000     
    0.000000000000000     
    0.000000000000000     
    0.000000000000000     
    0.000000000000000     
    0.000000000000000     
    0.000000000000000     
    0.000000000000000     
    0.000000000000000     
    0.000000000000000     
    0.000000000000000     
    0.000000000000000     
    0.000000000000000     
    0.000000000000000     
    0.000000000000000     
    0.000000000000000     
    0.000000000000000     
    0.000000000000000     
    0.000000000000000     
    0.000000000000000     
    0.000000000000000     
    0.000000000000000     
    0.000000000000000     
    0.000000000000000     
    0.000000000000000     
    0.000000000000000     
    0.000000000000000     
    0.000000000000000     
    0.000000000000000     
    0.000000000000000     
    0.000000000000000     
    0.000000000000000     
    0.000000000000000     
    0.000000000000000     
    0.000000000000000     
    0.000000000000000     
    0.000000000000000     
    0.000000000000000     
    0.000000000000000     
    0.000000000000000     
    0.000000000000000     
    0.000000000000000     
    0.000000000000000     
    0.000000000000000     
    0.000000000000000     
    0.000000000000000     
    0.000000000000000     
    0.000000000000000     
    0.000000000000000     
    0.000000000000000     
    0.000000000000000     
    0.000000000000000     
    0.000000000000000     
    0.000000000000000     
    0.000000000000000     
    0.000000000000000     
    0.000000000000000     
    0.000000000000000     
    0.000000000000000     
    0.000000000000000     
    0.000000000000000     
    0.000000000000000     
    0.000000000000000     
    0.000000000000000     
    0.000000000000000     
    0.000000000000000     
    0.000000000000000     
    0.000000000000000     
    0.000000000000000     
    0.000000000000000     
    0.000000000000000     
    0.000000000000000     
    0.000000000000000     
    0.000000000000000     
    0.000000000000000     
    0.000000000000000     
    0.000000000000000     
    0.000000000000000     
    0.000000000000000     
    0.000000000000000     
    0.000000000000000     
    0.000000000000000     
    0.000000000000000     
    0.000000000000000     
    0.000000000000000     
    0.000000000000000     
    0.000000000000000     
    0.000000000000000     
    0.000000000000000     
    0.000000000000000     
    0.000000000000000     
    0.000000000000000     
    0.000000000000000     
    0.000000000000000     
    0.000000000000000     
    0.000000000000000     
    0.000000000000000     
    0.000000000000000     
    0.000000000000000     
    0.000000000000000     
    0.000000000000000     
    0.000000000000000     
    0.000000000000000     
    0.000000000000000     
    0.000000000000000     
    0.000000000000000     
    0.000000000000000     
    0.000000000000000     
    0.000000000000000     
    0.000000000000000     
    0.000000000000000     
    0.000000000000000     
    0.000000000000000     
    0.000000000000000     
    0.000000000000000     
    0.000000000000000     
    0.000000000000000     
    0.000000000000000     
    0.000000000000000     
    0.000000000000000     
    0.000000000000000     
    0.000000000000000     
    0.000000000000000     
    0.000000000000000     
    0.000000000000000     
    0.000000000000000     
    0.000000000000000     
    0.000000000000000     
    0.000000000000000     
    0.000000000000000     
    0.000000000000000     
    0.000000000000000     
    0.000000000000000     
    0.000000000000000     
    0.000000000000000     
    0.000000000000000     
    0.000000000000000     
    0.000000000000000     
    0.000000000000000     
    0.000000000000000     
    0.000000000000000     
    0.000000000000000     
    0.000000000000000     
    0.000000000000000     
    0.000000000000000     
    0.000000000000000     
    0.000000000000000     
    0.000000000000000     
    0.000000000000000     
    0.000000000000000     
    0.000000000000000     
    0.000000000000000     
    0.000000000000000     
    0.000000000000000     
    0.000000000000000     
    0.000000000000000     
    0.000000000000000     
    0.000000000000000     
    0.000000000000000     
    0.000000000000000     
    0.000000000000000     
    0.000000000000000     
    0.000000000000000     
    0.000000000000000     
    0.000000000000000     
    0.000000000000000     
    0.000000000000000     
    0.000000000000000     
    0.000000000000000     
    0.000000000000000     
    0.000000000000000     
    0.000000000000000     
    0.000000000000000     
    0.000000000000000     
    0.000000000000000     
    0.000000000000000     
    0.000000000000000     
    0.000000000000000     
    0.000000000000000     
    0.000000000000000     
    0.000000000000000     
    0.000000000000000     
    0.000000000000000     
    0.000000000000000     
    0.000000000000000     
    0.000000000000000     
    0.000000000000000     
    0.000000000000000     
    0.000000000000000     
    0.000000000000000     
    0.000000000000000     
    0.000000000000000     
    0.000000000000000     
    0.000000000000000     
    0.000000000000000     
    0.000000000000000     
    0.000000000000000     
    0.000000000000000     
    0.000000000000000     
    0.000000000000000     
    0.000000000000000     
    0.000000000000000     
    0.000000000000000     
    0.000000000000000     
    0.000000000000000     
    0.000000000000000     
    0.000000000000000     
    0.000000000000000     
    0.000000000000000     
    0.000000000000000     
    0.000000000000000     
    0.000000000000000     
    0.000000000000000     
    0.000000000000000     
    0.000000000000000     
    0.000000000000000     
    0.000000000000000     
    0.000000000000000     
    0.000000000000000     
    0.000000000000000     
    0.000000000000000     
    0.000000000000000     
    0.000000000000000     
    0.000000000000000     
    0.000000000000000     
    0.000000000000000     
    0.000000000000000     
    0.000000000000000     
    0.000000000000000     
    0.000000000000000     
    0.000000000000000     
    0.000000000000000     
    0.000000000000000     
    0.000000000000000     
    0.000000000000000     
    0.000000000000000     
    0.000000000000000     
    0.000000000000000     
    0.000000000000000     
    0.000000000000000     
    0.000000000000000     
    0.000000000000000     
    0.000000000000000     
    0.000000000000000     
    0.000000000000000     
    0.000000000000000     
    0.000000000000000     
    0.000000000000000     
    0.000000000000000     
    0.000000000000000     
    0.000000000000000     
    0.000000000000000     
    0.000000000000000     
    0.000000000000000     
    0.000000000000000     
    0.000000000000000     
    0.000000000000000     
    0.000000000000000     
    0.000000000000000     
    0.000000000000000     
    0.000000000000000     
    0.000000000000000     
    0.000000000000000     
    0.000000000000000     
    0.000000000000000     
    0.000000000000000     
    0.000000000000000     
    0.000000000000000     
    0.000000000000000     
    0.000000000000000     
    0.000000000000000     
    0.000000000000000     
    0.000000000000000     
    0.000000000000000     
    0.000000000000000     
    0.000000000000000     
    0.000000000000000     
    0.000000000000000     
    0.000000000000000     
    0.000000000000000     
    0.000000000000000     
    0.000000000000000     
    0.000000000000000     
    0.000000000000000     
    0.000000000000000     
    0.000000000000000     
    0.000000000000000     
    0.000000000000000     
    0.000000000000000     
    0.000000000000000     
    0.000000000000000     
    0.000000000000000     
    0.000000000000000     
    0.000000000000000     
    0.000000000000000     
    0.000000000000000     
    0.000000000000000     
    0.000000000000000     
    0.000000000000000     
    0.000000000000000     
    0.000000000000000     
    0.000000000000000     
    0.000000000000000     
    0.000000000000000     
    0.000000000000000     
    0.000000000000000     
    0.000000000000000     
    0.000000000000000     
    0.000000000000000     
    0.000000000000000     
    0.000000000000000     
    0.000000000000000     
    0.000000000000000     
    0.000000000000000     
    0.000000000000000     
    0.000000000000000     
    0.000000000000000     
    0.000000000000000     
    0.000000000000000     
    0.000000000000000     
    0.000000000000000     
    0.000000000000000     
    0.000000000000000     
    0.000000000000000     
    0.000000000000000     
    0.000000000000000     
    0.000000000000000     
    0.000000000000000     
    0.000000000000000     
    0.000000000000000     
    0.000000000000000     
    0.000000000000000     
    0.000000000000000     
    0.000000000000000     
    0.000000000000000     
    0.000000000000000     
    0.000000000000000     
    0.000000000000000     
    0.000000000000000     
    0.000000000000000     
    0.000000000000000     
    0.000000000000000     
    0.000000000000000     
    0.000000000000000     
    0.000000000000000     
    0.000000000000000     
    0.000000000000000     
    0.000000000000000     
    0.000000000000000     
    0.000000000000000     
    0.000000000000000     
    0.000000000000000     
    0.000000000000000     
    0.000000000000000     
    0.000000000000000     
    0.000000000000000     
    0.000000000000000     
    0.000000000000000     
    0.000000000000000     
    0.000000000000000     
    0.000000000000000     
    0.000000000000000     
    0.000000000000000     
    0.000000000000000     
    0.000000000000000     
    0.000000000000000     
    0.000000000000000     
    0.000000000000000     
    0.000000000000000     
    0.000000000000000     
    0.000000000000000     
    0.000000000000000     
    0.000000000000000     
    0.000000000000000     
    0.000000000000000     
    0.000000000000000     
    0.000000000000000     
    0.000000000000000     
    0.000000000000000     
    0.000000000000000     
    0.000000000000000     
    0.000000000000000     
    0.000000000000000     
    0.000000000000000     
    0.000000000000000     
    0.000000000000000     
    0.000000000000000     
    0.000000000000000     
    0.000000000000000     
    0.000000000000000     
    0.000000000000000     
    0.000000000000000     
    0.000000000000000     
    0.000000000000000     
    0.000000000000000     
    0.000000000000000     
    0.000000000000000     
    0.000000000000000     
    0.000000000000000     
    0.000000000000000     
    0.000000000000000     
    0.000000000000000     
    0.000000000000000     
    0.000000000000000     
    0.000000000000000     
    0.000000000000000     
    0.000000000000000     
    0.000000000000000     
    0.000000000000000     
    0.000000000000000     
    0.000000000000000     
    0.000000000000000     
    0.000000000000000     
    0.000000000000000     
    0.000000000000000     
    0.000000000000000     
    0.000000000000000     
    0.000000000000000     
    0.000000000000000     
    0.000000000000000     
    0.000000000000000     
    0.000000000000000     
    0.000000000000000     
    0.000000000000000     
    0.000000000000000     
    0.000000000000000     
    0.000000000000000     
    0.000000000000000     
    0.000000000000000     
    0.000000000000000     
    0.000000000000000     
    0.000000000000000     
    0.000000000000000     
    0.000000000000000     
    0.000000000000000     
    0.000000000000000     
    0.000000000000000     
    0.000000000000000     
    0.000000000000000     
    0.000000000000000     
    0.000000000000000     
    0.000000000000000     
    0.000000000000000     
    0.000000000000000     
    0.000000000000000     
    0.000000000000000     
    0.000000000000000     
    0.000000000000000     
    0.000000000000000     
    0.000000000000000     
    0.000000000000000     
    0.000000000000000     
    0.000000000000000     
    0.000000000000000     
    0.000000000000000     
    0.000000000000000     
    0.000000000000000     
    0.000000000000000     
    0.000000000000000     
    0.000000000000000     
    0.000000000000000     
    0.000000000000000     
    0.000000000000000     
    0.000000000000000     
    0.000000000000000     
    0.000000000000000     
    0.000000000000000     
    0.000000000000000     
    0.000000000000000     
    0.000000000000000     
    0.000000000000000     
    0.000000000000000     
    0.000000000000000     
    0.000000000000000     
    0.000000000000000     
    0.000000000000000     
    0.000000000000000     
    0.000000000000000     
    0.000000000000000     
    0.000000000000000     
    0.000000000000000     
    0.000000000000000     
    0.000000000000000     
    0.000000000000000     
    0.000000000000000     
    0.000000000000000     
    0.000000000000000     
    0.000000000000000     
    0.000000000000000     
    0.000000000000000     
    0.000000000000000     
    0.000000000000000     
    0.000000000000000     
    0.000000000000000     
    0.000000000000000     
    0.000000000000000     
    0.000000000000000     
    0.000000000000000     
    0.000000000000000     
    0.000000000000000     
    0.000000000000000     
    0.000000000000000     
    0.000000000000000     
    0.000000000000000     
    0.000000000000000     
    0.000000000000000     
    0.000000000000000     
    0.000000000000000     
    0.000000000000000     
    0.000000000000000     
    0.000000000000000     
    0.000000000000000     
    0.000000000000000     
    0.000000000000000     
    0.000000000000000     
    0.000000000000000     
    0.000000000000000     
    0.000000000000000     
    0.000000000000000     
    0.000000000000000     
    0.000000000000000     
    0.000000000000000     
    0.000000000000000     
    0.000000000000000     
    0.000000000000000     
    0.000000000000000     
    0.000000000000000     
    0.000000000000000     
    0.000000000000000     
    0.000000000000000     
    0.000000000000000     
    0.000000000000000     
    0.000000000000000     
    0.000000000000000     
    0.000000000000000     
    0.000000000000000     
    0.000000000000000     
    0.000000000000000     
    0.000000000000000     
    0.000000000000000     
    0.000000000000000     
    0.000000000000000     
    0.000000000000000     
    0.000000000000000     
    0.000000000000000     
    0.000000000000000     
    0.000000000000000     
    0.000000000000000     
    0.000000000000000     
    0.000000000000000     
    0.000000000000000     
    0.000000000000000     
    0.000000000000000     
    0.000000000000000     
    0.000000000000000     
    0.000000000000000     
    0.000000000000000     
    0.000000000000000     
    0.000000000000000     
    0.000000000000000     
    0.000000000000000     
    0.000000000000000     
    0.000000000000000     
    0.000000000000000     
    0.000000000000000     
    0.000000000000000     
    0.000000000000000     
    0.000000000000000     
    0.000000000000000     
    0.000000000000000     
    0.000000000000000     
    0.000000000000000     
    0.000000000000000     
    0.000000000000000     
    0.000000000000000     
    0.000000000000000     
