   0.9028536010918036     
   0.8452283826342049     
   0.7914379191012937     
   0.7409794149180426     
   0.6936698324196647     
   0.6493026164041282     
   0.6077304790177513     
   0.5687985592373495     
   0.5323423967797805     
   0.4982091718235679     
   0.4662518938370265     
   0.4363326878651070     
   0.4083191149646085     
   0.3820756726872419     
   0.3573987915914648     
   0.3335952442779108     
   0.3106427963610916     
   0.2889892620024336     
   0.2686201677332708     
   0.2499522990262105     
   0.2330132314206121     
   0.2171333846170477     
   0.2022223808991321     
   0.1883784688136843     
   0.1754161998204977     
   0.1632886606662324     
   0.1519385721791707     
   0.1412935677129995     
   0.1313549001288544     
   0.1220689232385543     
   0.1134074708240650     
   0.1053207669088205     
   9.7777146802357578E-002
   9.0748646075651501E-002
   8.4198936356745885E-002
   7.8098737996703832E-002
   7.2420539750537860E-002
   6.7137649633831342E-002
   6.2215815679871188E-002
   5.7642611908488003E-002
   5.3379274014436519E-002
   4.9413413263593636E-002
   4.5724709040854038E-002
   4.2281429225569961E-002
   3.9068409959319567E-002
   3.6032301369813100E-002
   3.3183028098508011E-002
   3.0534868240828759E-002
   2.8062130628920306E-002
   2.5762599117246539E-002
   2.3645401605783073E-002
   2.1668933994764140E-002
   1.9837823761638913E-002
   1.8141776882238021E-002
   1.6558735400932459E-002
   1.5093045805395236E-002
   1.3748829752489474E-002
   1.2486292171999539E-002
   1.1326070889303781E-002
   1.0256926447264093E-002
   9.2503658169888082E-003
   8.3385458244921336E-003
   7.4857063544354714E-003
   6.6987491828266604E-003
   5.9728639396877687E-003
   5.3035794820452840E-003
   4.6867405374363368E-003
   4.1184859277664070E-003
   3.5952282680047536E-003
   3.1136350411729041E-003
   2.6706109575947070E-003
   2.2632815124632409E-003
   1.8889776614678735E-003
   1.5363374669241728E-003
   1.2209043838568908E-003
   9.3206861215329169E-004
   6.6732992616174824E-004
   4.2485312889148895E-004
   2.0293600699722845E-004
    0.000000000000000     
    0.000000000000000     
    0.000000000000000     
    0.000000000000000     
    0.000000000000000     
    0.000000000000000     
    0.000000000000000     
    0.000000000000000     
    0.000000000000000     
    0.000000000000000     
    0.000000000000000     
    0.000000000000000     
    0.000000000000000     
    0.000000000000000     
    0.000000000000000     
    0.000000000000000     
    0.000000000000000     
    0.000000000000000     
    0.000000000000000     
    0.000000000000000     
    0.000000000000000     
    0.000000000000000     
    0.000000000000000     
    0.000000000000000     
    0.000000000000000     
    0.000000000000000     
    0.000000000000000     
    0.000000000000000     
    0.000000000000000     
    0.000000000000000     
    0.000000000000000     
    0.000000000000000     
    0.000000000000000     
    0.000000000000000     
    0.000000000000000     
    0.000000000000000     
    0.000000000000000     
    0.000000000000000     
    0.000000000000000     
    0.000000000000000     
    0.000000000000000     
    0.000000000000000     
    0.000000000000000     
    0.000000000000000     
    0.000000000000000     
    0.000000000000000     
    0.000000000000000     
    0.000000000000000     
    0.000000000000000     
    0.000000000000000     
    0.000000000000000     
    0.000000000000000     
    0.000000000000000     
    0.000000000000000     
    0.000000000000000     
    0.000000000000000     
    0.000000000000000     
    0.000000000000000     
    0.000000000000000     
    0.000000000000000     
    0.000000000000000     
    0.000000000000000     
    0.000000000000000     
    0.000000000000000     
    0.000000000000000     
    0.000000000000000     
    0.000000000000000     
    0.000000000000000     
    0.000000000000000     
    0.000000000000000     
    0.000000000000000     
    0.000000000000000     
    0.000000000000000     
    0.000000000000000     
    0.000000000000000     
    0.000000000000000     
    0.000000000000000     
    0.000000000000000     
    0.000000000000000     
    0.000000000000000     
    0.000000000000000     
    0.000000000000000     
    0.000000000000000     
    0.000000000000000     
    0.000000000000000     
    0.000000000000000     
    0.000000000000000     
    0.000000000000000     
    0.000000000000000     
    0.000000000000000     
    0.000000000000000     
    0.000000000000000     
    0.000000000000000     
    0.000000000000000     
    0.000000000000000     
    0.000000000000000     
    0.000000000000000     
    0.000000000000000     
    0.000000000000000     
    0.000000000000000     
    0.000000000000000     
    0.000000000000000     
    0.000000000000000     
    0.000000000000000     
    0.000000000000000     
    0.000000000000000     
    0.000000000000000     
    0.000000000000000     
    0.000000000000000     
    0.000000000000000     
    0.000000000000000     
    0.000000000000000     
    0.000000000000000     
    0.000000000000000     
    0.000000000000000     
    0.000000000000000     
    0.000000000000000     
    0.000000000000000     
    0.000000000000000     
    0.000000000000000     
    0.000000000000000     
    0.000000000000000     
    0.000000000000000     
    0.000000000000000     
    0.000000000000000     
    0.000000000000000     
    0.000000000000000     
    0.000000000000000     
    0.000000000000000     
    0.000000000000000     
    0.000000000000000     
    0.000000000000000     
    0.000000000000000     
    0.000000000000000     
    0.000000000000000     
    0.000000000000000     
    0.000000000000000     
    0.000000000000000     
    0.000000000000000     
    0.000000000000000     
    0.000000000000000     
    0.000000000000000     
    0.000000000000000     
    0.000000000000000     
    0.000000000000000     
    0.000000000000000     
    0.000000000000000     
    0.000000000000000     
    0.000000000000000     
    0.000000000000000     
    0.000000000000000     
    0.000000000000000     
    0.000000000000000     
    0.000000000000000     
    0.000000000000000     
    0.000000000000000     
    0.000000000000000     
    0.000000000000000     
    0.000000000000000     
    0.000000000000000     
    0.000000000000000     
    0.000000000000000     
    0.000000000000000     
    0.000000000000000     
    0.000000000000000     
    0.000000000000000     
    0.000000000000000     
    0.000000000000000     
    0.000000000000000     
    0.000000000000000     
    0.000000000000000     
    0.000000000000000     
    0.000000000000000     
    0.000000000000000     
    0.000000000000000     
    0.000000000000000     
    0.000000000000000     
    0.000000000000000     
    0.000000000000000     
    0.000000000000000     
    0.000000000000000     
    0.000000000000000     
    0.000000000000000     
    0.000000000000000     
    0.000000000000000     
    0.000000000000000     
    0.000000000000000     
    0.000000000000000     
    0.000000000000000     
    0.000000000000000     
    0.000000000000000     
    0.000000000000000     
    0.000000000000000     
    0.000000000000000     
    0.000000000000000     
    0.000000000000000     
    0.000000000000000     
    0.000000000000000     
    0.000000000000000     
    0.000000000000000     
    0.000000000000000     
    0.000000000000000     
    0.000000000000000     
    0.000000000000000     
    0.000000000000000     
    0.000000000000000     
    0.000000000000000     
    0.000000000000000     
    0.000000000000000     
    0.000000000000000     
    0.000000000000000     
    0.000000000000000     
    0.000000000000000     
    0.000000000000000     
    0.000000000000000     
    0.000000000000000     
    0.000000000000000     
    0.000000000000000     
    0.000000000000000     
    0.000000000000000     
    0.000000000000000     
    0.000000000000000     
    0.000000000000000     
    0.000000000000000     
    0.000000000000000     
    0.000000000000000     
    0.000000000000000     
    0.000000000000000     
    0.000000000000000     
    0.000000000000000     
    0.000000000000000     
    0.000000000000000     
    0.000000000000000     
    0.000000000000000     
    0.000000000000000     
    0.000000000000000     
    0.000000000000000     
    0.000000000000000     
    0.000000000000000     
    0.000000000000000     
    0.000000000000000     
    0.000000000000000     
    0.000000000000000     
    0.000000000000000     
    0.000000000000000     
    0.000000000000000     
    0.000000000000000     
    0.000000000000000     
    0.000000000000000     
    0.000000000000000     
    0.000000000000000     
    0.000000000000000     
    0.000000000000000     
    0.000000000000000     
    0.000000000000000     
    0.000000000000000     
    0.000000000000000     
    0.000000000000000     
    0.000000000000000     
    0.000000000000000     
    0.000000000000000     
    0.000000000000000     
    0.000000000000000     
    0.000000000000000     
    0.000000000000000     
    0.000000000000000     
    0.000000000000000     
    0.000000000000000     
    0.000000000000000     
    0.000000000000000     
    0.000000000000000     
    0.000000000000000     
    0.000000000000000     
    0.000000000000000     
    0.000000000000000     
    0.000000000000000     
    0.000000000000000     
    0.000000000000000     
    0.000000000000000     
    0.000000000000000     
    0.000000000000000     
    0.000000000000000     
    0.000000000000000     
    0.000000000000000     
    0.000000000000000     
    0.000000000000000     
    0.000000000000000     
    0.000000000000000     
    0.000000000000000     
    0.000000000000000     
    0.000000000000000     
    0.000000000000000     
    0.000000000000000     
    0.000000000000000     
    0.000000000000000     
    0.000000000000000     
    0.000000000000000     
    0.000000000000000     
    0.000000000000000     
    0.000000000000000     
    0.000000000000000     
    0.000000000000000     
    0.000000000000000     
    0.000000000000000     
    0.000000000000000     
    0.000000000000000     
    0.000000000000000     
    0.000000000000000     
    0.000000000000000     
    0.000000000000000     
    0.000000000000000     
    0.000000000000000     
    0.000000000000000     
    0.000000000000000     
    0.000000000000000     
    0.000000000000000     
    0.000000000000000     
    0.000000000000000     
    0.000000000000000     
    0.000000000000000     
    0.000000000000000     
    0.000000000000000     
    0.000000000000000     
    0.000000000000000     
    0.000000000000000     
    0.000000000000000     
    0.000000000000000     
    0.000000000000000     
    0.000000000000000     
    0.000000000000000     
    0.000000000000000     
    0.000000000000000     
    0.000000000000000     
    0.000000000000000     
    0.000000000000000     
    0.000000000000000     
    0.000000000000000     
    0.000000000000000     
    0.000000000000000     
    0.000000000000000     
    0.000000000000000     
    0.000000000000000     
    0.000000000000000     
    0.000000000000000     
    0.000000000000000     
    0.000000000000000     
    0.000000000000000     
    0.000000000000000     
    0.000000000000000     
    0.000000000000000     
    0.000000000000000     
    0.000000000000000     
    0.000000000000000     
    0.000000000000000     
    0.000000000000000     
    0.000000000000000     
    0.000000000000000     
    0.000000000000000     
    0.000000000000000     
    0.000000000000000     
    0.000000000000000     
    0.000000000000000     
    0.000000000000000     
    0.000000000000000     
    0.000000000000000     
    0.000000000000000     
    0.000000000000000     
    0.000000000000000     
    0.000000000000000     
    0.000000000000000     
    0.000000000000000     
    0.000000000000000     
    0.000000000000000     
    0.000000000000000     
    0.000000000000000     
    0.000000000000000     
    0.000000000000000     
    0.000000000000000     
    0.000000000000000     
    0.000000000000000     
    0.000000000000000     
    0.000000000000000     
    0.000000000000000     
    0.000000000000000     
    0.000000000000000     
    0.000000000000000     
    0.000000000000000     
    0.000000000000000     
    0.000000000000000     
    0.000000000000000     
    0.000000000000000     
    0.000000000000000     
    0.000000000000000     
    0.000000000000000     
    0.000000000000000     
    0.000000000000000     
    0.000000000000000     
    0.000000000000000     
    0.000000000000000     
    0.000000000000000     
    0.000000000000000     
    0.000000000000000     
    0.000000000000000     
    0.000000000000000     
    0.000000000000000     
    0.000000000000000     
    0.000000000000000     
    0.000000000000000     
    0.000000000000000     
    0.000000000000000     
    0.000000000000000     
    0.000000000000000     
    0.000000000000000     
    0.000000000000000     
    0.000000000000000     
    0.000000000000000     
    0.000000000000000     
    0.000000000000000     
    0.000000000000000     
    0.000000000000000     
    0.000000000000000     
    0.000000000000000     
    0.000000000000000     
    0.000000000000000     
    0.000000000000000     
    0.000000000000000     
    0.000000000000000     
    0.000000000000000     
    0.000000000000000     
    0.000000000000000     
    0.000000000000000     
    0.000000000000000     
    0.000000000000000     
    0.000000000000000     
    0.000000000000000     
    0.000000000000000     
    0.000000000000000     
    0.000000000000000     
    0.000000000000000     
    0.000000000000000     
    0.000000000000000     
    0.000000000000000     
    0.000000000000000     
    0.000000000000000     
    0.000000000000000     
    0.000000000000000     
    0.000000000000000     
    0.000000000000000     
    0.000000000000000     
    0.000000000000000     
    0.000000000000000     
    0.000000000000000     
    0.000000000000000     
    0.000000000000000     
    0.000000000000000     
    0.000000000000000     
    0.000000000000000     
    0.000000000000000     
    0.000000000000000     
    0.000000000000000     
    0.000000000000000     
    0.000000000000000     
    0.000000000000000     
    0.000000000000000     
    0.000000000000000     
    0.000000000000000     
    0.000000000000000     
    0.000000000000000     
    0.000000000000000     
    0.000000000000000     
    0.000000000000000     
    0.000000000000000     
    0.000000000000000     
    0.000000000000000     
    0.000000000000000     
    0.000000000000000     
    0.000000000000000     
    0.000000000000000     
    0.000000000000000     
    0.000000000000000     
    0.000000000000000     
    0.000000000000000     
    0.000000000000000     
    0.000000000000000     
    0.000000000000000     
    0.000000000000000     
    0.000000000000000     
    0.000000000000000     
    0.000000000000000     
    0.000000000000000     
    0.000000000000000     
    0.000000000000000     
    0.000000000000000     
    0.000000000000000     
    0.000000000000000     
    0.000000000000000     
    0.000000000000000     
    0.000000000000000     
    0.000000000000000     
    0.000000000000000     
    0.000000000000000     
    0.000000000000000     
    0.000000000000000     
    0.000000000000000     
    0.000000000000000     
    0.000000000000000     
    0.000000000000000     
    0.000000000000000     
    0.000000000000000     
    0.000000000000000     
    0.000000000000000     
    0.000000000000000     
    0.000000000000000     
    0.000000000000000     
    0.000000000000000     
    0.000000000000000     
    0.000000000000000     
    0.000000000000000     
    0.000000000000000     
    0.000000000000000     
    0.000000000000000     
    0.000000000000000     
    0.000000000000000     
    0.000000000000000     
    0.000000000000000     
    0.000000000000000     
    0.000000000000000     
    0.000000000000000     
    0.000000000000000     
    0.000000000000000     
    0.000000000000000     
    0.000000000000000     
    0.000000000000000     
    0.000000000000000     
    0.000000000000000     
    0.000000000000000     
    0.000000000000000     
    0.000000000000000     
    0.000000000000000     
    0.000000000000000     
    0.000000000000000     
    0.000000000000000     
    0.000000000000000     
    0.000000000000000     
    0.000000000000000     
    0.000000000000000     
    0.000000000000000     
    0.000000000000000     
    0.000000000000000     
    0.000000000000000     
    0.000000000000000     
    0.000000000000000     
    0.000000000000000     
    0.000000000000000     
    0.000000000000000     
    0.000000000000000     
    0.000000000000000     
    0.000000000000000     
    0.000000000000000     
    0.000000000000000     
    0.000000000000000     
    0.000000000000000     
    0.000000000000000     
    0.000000000000000     
    0.000000000000000     
    0.000000000000000     
    0.000000000000000     
    0.000000000000000     
    0.000000000000000     
    0.000000000000000     
    0.000000000000000     
    0.000000000000000     
    0.000000000000000     
    0.000000000000000     
    0.000000000000000     
    0.000000000000000     
    0.000000000000000     
    0.000000000000000     
    0.000000000000000     
    0.000000000000000     
    0.000000000000000     
    0.000000000000000     
    0.000000000000000     
    0.000000000000000     
    0.000000000000000     
    0.000000000000000     
    0.000000000000000     
    0.000000000000000     
    0.000000000000000     
    0.000000000000000     
    0.000000000000000     
    0.000000000000000     
    0.000000000000000     
    0.000000000000000     
    0.000000000000000     
    0.000000000000000     
    0.000000000000000     
    0.000000000000000     
    0.000000000000000     
    0.000000000000000     
    0.000000000000000     
    0.000000000000000     
    0.000000000000000     
    0.000000000000000     
    0.000000000000000     
    0.000000000000000     
    0.000000000000000     
    0.000000000000000     
    0.000000000000000     
    0.000000000000000     
    0.000000000000000     
    0.000000000000000     
    0.000000000000000     
    0.000000000000000     
    0.000000000000000     
    0.000000000000000     
    0.000000000000000     
    0.000000000000000     
    0.000000000000000     
    0.000000000000000     
    0.000000000000000     
    0.000000000000000     
    0.000000000000000     
    0.000000000000000     
    0.000000000000000     
    0.000000000000000     
    0.000000000000000     
    0.000000000000000     
    0.000000000000000     
    0.000000000000000     
    0.000000000000000     
    0.000000000000000     
    0.000000000000000     
    0.000000000000000     
    0.000000000000000     
    0.000000000000000     
    0.000000000000000     
    0.000000000000000     
    0.000000000000000     
    0.000000000000000     
    0.000000000000000     
    0.000000000000000     
    0.000000000000000     
    0.000000000000000     
    0.000000000000000     
    0.000000000000000     
    0.000000000000000     
    0.000000000000000     
    0.000000000000000     
    0.000000000000000     
    0.000000000000000     
    0.000000000000000     
    0.000000000000000     
    0.000000000000000     
    0.000000000000000     
    0.000000000000000     
    0.000000000000000     
    0.000000000000000     
    0.000000000000000     
    0.000000000000000     
    0.000000000000000     
    0.000000000000000     
    0.000000000000000     
    0.000000000000000     
    0.000000000000000     
    0.000000000000000     
    0.000000000000000     
    0.000000000000000     
    0.000000000000000     
    0.000000000000000     
    0.000000000000000     
    0.000000000000000     
    0.000000000000000     
    0.000000000000000     
    0.000000000000000     
    0.000000000000000     
    0.000000000000000     
    0.000000000000000     
    0.000000000000000     
    0.000000000000000     
    0.000000000000000     
    0.000000000000000     
    0.000000000000000     
    0.000000000000000     
    0.000000000000000     
    0.000000000000000     
    0.000000000000000     
    0.000000000000000     
    0.000000000000000     
    0.000000000000000     
    0.000000000000000     
    0.000000000000000     
    0.000000000000000     
    0.000000000000000     
    0.000000000000000     
    0.000000000000000     
    0.000000000000000     
    0.000000000000000     
    0.000000000000000     
    0.000000000000000     
    0.000000000000000     
    0.000000000000000     
    0.000000000000000     
    0.000000000000000     
    0.000000000000000     
    0.000000000000000     
    0.000000000000000     
    0.000000000000000     
    0.000000000000000     
    0.000000000000000     
    0.000000000000000     
    0.000000000000000     
    0.000000000000000     
    0.000000000000000     
    0.000000000000000     
    0.000000000000000     
    0.000000000000000     
    0.000000000000000     
    0.000000000000000     
    0.000000000000000     
    0.000000000000000     
    0.000000000000000     
    0.000000000000000     
    0.000000000000000     
    0.000000000000000     
    0.000000000000000     
    0.000000000000000     
    0.000000000000000     
    0.000000000000000     
    0.000000000000000     
    0.000000000000000     
    0.000000000000000     
    0.000000000000000     
    0.000000000000000     
    0.000000000000000     
    0.000000000000000     
    0.000000000000000     
    0.000000000000000     
    0.000000000000000     
    0.000000000000000     
    0.000000000000000     
    0.000000000000000     
    0.000000000000000     
    0.000000000000000     
    0.000000000000000     
    0.000000000000000     
    0.000000000000000     
    0.000000000000000     
    0.000000000000000     
    0.000000000000000     
    0.000000000000000     
    0.000000000000000     
    0.000000000000000     
    0.000000000000000     
    0.000000000000000     
    0.000000000000000     
    0.000000000000000     
    0.000000000000000     
    0.000000000000000     
    0.000000000000000     
    0.000000000000000     
    0.000000000000000     
    0.000000000000000     
    0.000000000000000     
    0.000000000000000     
    0.000000000000000     
    0.000000000000000     
    0.000000000000000     
    0.000000000000000     
    0.000000000000000     
    0.000000000000000     
    0.000000000000000     
    0.000000000000000     
    0.000000000000000     
    0.000000000000000     
    0.000000000000000     
    0.000000000000000     
    0.000000000000000     
    0.000000000000000     
    0.000000000000000     
    0.000000000000000     
    0.000000000000000     
    0.000000000000000     
    0.000000000000000     
    0.000000000000000     
    0.000000000000000     
    0.000000000000000     
    0.000000000000000     
    0.000000000000000     
    0.000000000000000     
    0.000000000000000     
    0.000000000000000     
    0.000000000000000     
    0.000000000000000     
    0.000000000000000     
    0.000000000000000     
    0.000000000000000     
    0.000000000000000     
    0.000000000000000     
    0.000000000000000     
    0.000000000000000     
    0.000000000000000     
    0.000000000000000     
    0.000000000000000     
    0.000000000000000     
    0.000000000000000     
    0.000000000000000     
    0.000000000000000     
    0.000000000000000     
    0.000000000000000     
    0.000000000000000     
    0.000000000000000     
    0.000000000000000     
    0.000000000000000     
    0.000000000000000     
    0.000000000000000     
    0.000000000000000     
    0.000000000000000     
    0.000000000000000     
    0.000000000000000     
    0.000000000000000     
    0.000000000000000     
    0.000000000000000     
    0.000000000000000     
    0.000000000000000     
    0.000000000000000     
    0.000000000000000     
    0.000000000000000     
    0.000000000000000     
    0.000000000000000     
    0.000000000000000     
    0.000000000000000     
    0.000000000000000     
    0.000000000000000     
    0.000000000000000     
    0.000000000000000     
    0.000000000000000     
    0.000000000000000     
    0.000000000000000     
    0.000000000000000     
    0.000000000000000     
    0.000000000000000     
    0.000000000000000     
    0.000000000000000     
    0.000000000000000     
    0.000000000000000     
    0.000000000000000     
    0.000000000000000     
    0.000000000000000     
    0.000000000000000     
    0.000000000000000     
    0.000000000000000     
    0.000000000000000     
    0.000000000000000     
    0.000000000000000     
    0.000000000000000     
    0.000000000000000     
    0.000000000000000     
    0.000000000000000     
    0.000000000000000     
    0.000000000000000     
    0.000000000000000     
    0.000000000000000     
    0.000000000000000     
    0.000000000000000     
    0.000000000000000     
    0.000000000000000     
    0.000000000000000     
    0.000000000000000     
    0.000000000000000     
    0.000000000000000     
    0.000000000000000     
    0.000000000000000     
    0.000000000000000     
    0.000000000000000     
    0.000000000000000     
    0.000000000000000     
    0.000000000000000     
    0.000000000000000     
    0.000000000000000     
    0.000000000000000     
    0.000000000000000     
    0.000000000000000     
    0.000000000000000     
    0.000000000000000     
    0.000000000000000     
    0.000000000000000     
    0.000000000000000     
    0.000000000000000     
    0.000000000000000     
    0.000000000000000     
    0.000000000000000     
    0.000000000000000     
    0.000000000000000     
    0.000000000000000     
    0.000000000000000     
    0.000000000000000     
    0.000000000000000     
    0.000000000000000     
    0.000000000000000     
    0.000000000000000     
    0.000000000000000     
    0.000000000000000     
    0.000000000000000     
    0.000000000000000     
    0.000000000000000     
    0.000000000000000     
    0.000000000000000     
    0.000000000000000     
    0.000000000000000     
    0.000000000000000     
    0.000000000000000     
    0.000000000000000     
    0.000000000000000     
    0.000000000000000     
    0.000000000000000     
    0.000000000000000     
    0.000000000000000     
    0.000000000000000     
    0.000000000000000     
